-15.350000 -5.650000 0.000000
-14.850000 -5.650000 0.000000
-14.350000 -5.650000 0.000000
-13.850000 -5.650000 0.000000
-13.350000 -5.650000 0.000000
-12.850000 -5.650000 0.000000
-12.350000 -5.650000 0.000000
-11.850000 -5.650000 0.000000
-11.350000 -5.650000 0.000000
-10.850000 -5.650000 0.000000
-10.350000 -5.650000 0.000000
-9.850000 -5.650000 0.000000
-9.350000 -5.650000 0.000000
-8.850000 -5.650000 0.000000
-8.350000 -5.650000 0.000000
-7.850000 -5.650000 0.000000
-7.350000 -5.650000 0.000000
-6.850000 -5.650000 0.000000
-6.350000 -5.650000 0.000000
-5.850000 -5.650000 0.000000
-5.350000 -5.650000 0.000000
-4.850000 -5.650000 0.000000
-4.350000 -5.650000 0.000000
-3.850000 -5.650000 0.000000
-3.350000 -5.650000 0.000000
-2.850000 -5.650000 0.000000
-2.350000 -5.650000 0.000000
-1.850000 -5.650000 0.000000
-1.350000 -5.650000 0.000000
-0.850000 -5.650000 0.000000
-0.350000 -5.650000 0.000000
0.150000 -5.650000 0.000000
-15.350000 -5.150000 0.000000
-14.850000 -5.150000 0.000000
-14.350000 -5.150000 0.000000
-13.850000 -5.150000 0.000000
-13.350000 -5.150000 0.000000
-12.850000 -5.150000 0.000000
-12.350000 -5.150000 0.000000
-11.850000 -5.150000 0.000000
-11.350000 -5.150000 0.000000
-10.850000 -5.150000 0.000000
-10.350000 -5.150000 0.000000
-9.850000 -5.150000 0.000000
-9.350000 -5.150000 0.000000
-8.850000 -5.150000 0.000000
-8.350000 -5.150000 0.000000
-7.850000 -5.150000 0.000000
-7.350000 -5.150000 0.000000
-6.850000 -5.150000 0.000000
-6.350000 -5.150000 0.000000
-5.850000 -5.150000 0.000000
-5.350000 -5.150000 0.000000
-4.850000 -5.150000 0.000000
-4.350000 -5.150000 0.000000
-3.850000 -5.150000 0.000000
-3.350000 -5.150000 0.000000
-2.850000 -5.150000 0.000000
-2.350000 -5.150000 0.000000
-1.850000 -5.150000 0.000000
-1.350000 -5.150000 0.000000
-0.850000 -5.150000 0.000000
-0.350000 -5.150000 0.000000
0.150000 -5.150000 0.000000
-15.350000 -4.650000 0.000000
-14.850000 -4.650000 0.000000
-14.350000 -4.650000 0.000000
-13.850000 -4.650000 0.000000
-13.350000 -4.650000 0.000000
-12.850000 -4.650000 0.000000
-12.350000 -4.650000 0.000000
-11.850000 -4.650000 0.000000
-11.350000 -4.650000 0.000000
-10.850000 -4.650000 0.000000
-10.350000 -4.650000 0.000000
-9.850000 -4.650000 0.000000
-9.350000 -4.650000 0.000000
-8.850000 -4.650000 0.000000
-8.350000 -4.650000 0.000000
-7.850000 -4.650000 0.000000
-7.350000 -4.650000 0.000000
-6.850000 -4.650000 0.000000
-6.350000 -4.650000 0.000000
-5.850000 -4.650000 0.000000
-5.350000 -4.650000 0.000000
-4.850000 -4.650000 0.000000
-4.350000 -4.650000 0.000000
-3.850000 -4.650000 0.000000
-3.350000 -4.650000 0.000000
-2.850000 -4.650000 0.000000
-2.350000 -4.650000 0.000000
-1.850000 -4.650000 0.000000
-1.350000 -4.650000 0.000000
-0.850000 -4.650000 0.000000
-0.350000 -4.650000 0.000000
0.150000 -4.650000 0.000000
-15.350000 -4.150000 0.000000
-14.850000 -4.150000 0.000000
-14.350000 -4.150000 0.000000
-13.850000 -4.150000 1.000000
-13.350000 -4.150000 0.000000
-12.850000 -4.150000 0.000000
-12.350000 -4.150000 0.000000
-11.850000 -4.150000 0.000000
-11.350000 -4.150000 0.000000
-10.850000 -4.150000 1.000000
-10.350000 -4.150000 0.000000
-9.850000 -4.150000 0.000000
-9.350000 -4.150000 0.000000
-8.850000 -4.150000 0.000000
-8.350000 -4.150000 0.000000
-7.850000 -4.150000 0.000000
-7.350000 -4.150000 0.000000
-6.850000 -4.150000 0.000000
-6.350000 -4.150000 0.000000
-5.850000 -4.150000 0.000000
-5.350000 -4.150000 0.000000
-4.850000 -4.150000 0.000000
-4.350000 -4.150000 0.000000
-3.850000 -4.150000 0.000000
-3.350000 -4.150000 0.000000
-2.850000 -4.150000 0.000000
-2.350000 -4.150000 0.000000
-1.850000 -4.150000 0.000000
-1.350000 -4.150000 0.000000
-0.850000 -4.150000 0.000000
-0.350000 -4.150000 0.000000
0.150000 -4.150000 0.000000
-15.350000 -3.650000 0.000000
-14.850000 -3.650000 0.000000
-14.350000 -3.650000 0.000000
-13.850000 -3.650000 0.000000
-13.350000 -3.650000 0.000000
-12.850000 -3.650000 0.000000
-12.350000 -3.650000 0.000000
-11.850000 -3.650000 0.000000
-11.350000 -3.650000 0.000000
-10.850000 -3.650000 0.000000
-10.350000 -3.650000 0.000000
-9.850000 -3.650000 0.000000
-9.350000 -3.650000 0.000000
-8.850000 -3.650000 0.000000
-8.350000 -3.650000 0.000000
-7.850000 -3.650000 0.000000
-7.350000 -3.650000 0.000000
-6.850000 -3.650000 0.000000
-6.350000 -3.650000 0.000000
-5.850000 -3.650000 0.000000
-5.350000 -3.650000 0.000000
-4.850000 -3.650000 0.000000
-4.350000 -3.650000 0.000000
-3.850000 -3.650000 0.000000
-3.350000 -3.650000 0.000000
-2.850000 -3.650000 0.000000
-2.350000 -3.650000 0.000000
-1.850000 -3.650000 0.000000
-1.350000 -3.650000 0.000000
-0.850000 -3.650000 0.000000
-0.350000 -3.650000 0.000000
0.150000 -3.650000 0.000000
-15.350000 -3.150000 0.000000
-14.850000 -3.150000 0.000000
-14.350000 -3.150000 0.000000
-13.850000 -3.150000 0.000000
-13.350000 -3.150000 0.000000
-12.850000 -3.150000 0.000000
-12.350000 -3.150000 0.000000
-11.850000 -3.150000 0.000000
-11.350000 -3.150000 0.000000
-10.850000 -3.150000 0.000000
-10.350000 -3.150000 0.000000
-9.850000 -3.150000 0.000000
-9.350000 -3.150000 0.000000
-8.850000 -3.150000 0.000000
-8.350000 -3.150000 0.000000
-7.850000 -3.150000 0.000000
-7.350000 -3.150000 0.000000
-6.850000 -3.150000 0.000000
-6.350000 -3.150000 0.000000
-5.850000 -3.150000 0.000000
-5.350000 -3.150000 0.000000
-4.850000 -3.150000 0.000000
-4.350000 -3.150000 0.000000
-3.850000 -3.150000 0.000000
-3.350000 -3.150000 0.000000
-2.850000 -3.150000 0.000000
-2.350000 -3.150000 0.000000
-1.850000 -3.150000 0.000000
-1.350000 -3.150000 0.000000
-0.850000 -3.150000 1.000000
-0.350000 -3.150000 0.000000
0.150000 -3.150000 0.000000
-15.350000 -2.650000 0.000000
-14.850000 -2.650000 0.000000
-14.350000 -2.650000 0.000000
-13.850000 -2.650000 0.000000
-13.350000 -2.650000 0.000000
-12.850000 -2.650000 0.000000
-12.350000 -2.650000 1.000000
-11.850000 -2.650000 0.000000
-11.350000 -2.650000 0.000000
-10.850000 -2.650000 0.000000
-10.350000 -2.650000 0.000000
-9.850000 -2.650000 0.000000
-9.350000 -2.650000 1.000000
-8.850000 -2.650000 0.000000
-8.350000 -2.650000 0.000000
-7.850000 -2.650000 0.000000
-7.350000 -2.650000 0.000000
-6.850000 -2.650000 0.000000
-6.350000 -2.650000 0.000000
-5.850000 -2.650000 0.000000
-5.350000 -2.650000 0.000000
-4.850000 -2.650000 0.000000
-4.350000 -2.650000 0.000000
-3.850000 -2.650000 0.000000
-3.350000 -2.650000 0.000000
-2.850000 -2.650000 0.000000
-2.350000 -2.650000 0.000000
-1.850000 -2.650000 0.000000
-1.350000 -2.650000 0.000000
-0.850000 -2.650000 0.000000
-0.350000 -2.650000 0.000000
0.150000 -2.650000 0.000000
-15.350000 -2.150000 0.000000
-14.850000 -2.150000 0.000000
-14.350000 -2.150000 0.000000
-13.850000 -2.150000 0.000000
-13.350000 -2.150000 0.000000
-12.850000 -2.150000 0.000000
-12.350000 -2.150000 0.000000
-11.850000 -2.150000 0.000000
-11.350000 -2.150000 0.000000
-10.850000 -2.150000 0.000000
-10.350000 -2.150000 0.000000
-9.850000 -2.150000 0.000000
-9.350000 -2.150000 0.000000
-8.850000 -2.150000 0.000000
-8.350000 -2.150000 0.000000
-7.850000 -2.150000 0.000000
-7.350000 -2.150000 0.000000
-6.850000 -2.150000 0.000000
-6.350000 -2.150000 0.000000
-5.850000 -2.150000 0.000000
-5.350000 -2.150000 0.000000
-4.850000 -2.150000 0.000000
-4.350000 -2.150000 0.000000
-3.850000 -2.150000 0.000000
-3.350000 -2.150000 0.000000
-2.850000 -2.150000 0.000000
-2.350000 -2.150000 0.000000
-1.850000 -2.150000 0.000000
-1.350000 -2.150000 0.000000
-0.850000 -2.150000 0.000000
-0.350000 -2.150000 0.000000
0.150000 -2.150000 0.000000
-15.350000 -1.650000 0.000000
-14.850000 -1.650000 0.000000
-14.350000 -1.650000 0.000000
-13.850000 -1.650000 0.000000
-13.350000 -1.650000 0.000000
-12.850000 -1.650000 0.000000
-12.350000 -1.650000 0.000000
-11.850000 -1.650000 0.000000
-11.350000 -1.650000 0.000000
-10.850000 -1.650000 0.000000
-10.350000 -1.650000 0.000000
-9.850000 -1.650000 0.000000
-9.350000 -1.650000 0.000000
-8.850000 -1.650000 0.000000
-8.350000 -1.650000 0.000000
-7.850000 -1.650000 0.000000
-7.350000 -1.650000 0.000000
-6.850000 -1.650000 0.000000
-6.350000 -1.650000 0.000000
-5.850000 -1.650000 0.000000
-5.350000 -1.650000 0.000000
-4.850000 -1.650000 0.000000
-4.350000 -1.650000 0.000000
-3.850000 -1.650000 0.000000
-3.350000 -1.650000 0.000000
-2.850000 -1.650000 0.000000
-2.350000 -1.650000 0.000000
-1.850000 -1.650000 0.000000
-1.350000 -1.650000 0.000000
-0.850000 -1.650000 0.000000
-0.350000 -1.650000 0.000000
0.150000 -1.650000 0.000000
-15.350000 -1.150000 0.000000
-14.850000 -1.150000 0.000000
-14.350000 -1.150000 0.000000
-13.850000 -1.150000 1.000000
-13.350000 -1.150000 0.000000
-12.850000 -1.150000 0.000000
-12.350000 -1.150000 0.000000
-11.850000 -1.150000 0.000000
-11.350000 -1.150000 0.000000
-10.850000 -1.150000 1.000000
-10.350000 -1.150000 0.000000
-9.850000 -1.150000 0.000000
-9.350000 -1.150000 0.000000
-8.850000 -1.150000 0.000000
-8.350000 -1.150000 0.000000
-7.850000 -1.150000 0.000000
-7.350000 -1.150000 0.000000
-6.850000 -1.150000 0.000000
-6.350000 -1.150000 0.000000
-5.850000 -1.150000 0.000000
-5.350000 -1.150000 0.000000
-4.850000 -1.150000 0.000000
-4.350000 -1.150000 0.000000
-3.850000 -1.150000 0.000000
-3.350000 -1.150000 0.000000
-2.850000 -1.150000 0.000000
-2.350000 -1.150000 0.000000
-1.850000 -1.150000 0.000000
-1.350000 -1.150000 0.000000
-0.850000 -1.150000 0.000000
-0.350000 -1.150000 0.000000
0.150000 -1.150000 0.000000
-15.350000 -0.650000 0.000000
-14.850000 -0.650000 0.000000
-14.350000 -0.650000 0.000000
-13.850000 -0.650000 0.000000
-13.350000 -0.650000 0.000000
-12.850000 -0.650000 0.000000
-12.350000 -0.650000 0.000000
-11.850000 -0.650000 0.000000
-11.350000 -0.650000 0.000000
-10.850000 -0.650000 0.000000
-10.350000 -0.650000 0.000000
-9.850000 -0.650000 0.000000
-9.350000 -0.650000 0.000000
-8.850000 -0.650000 0.000000
-8.350000 -0.650000 1.000000
-7.850000 -0.650000 0.000000
-7.350000 -0.650000 0.000000
-6.850000 -0.650000 0.000000
-6.350000 -0.650000 1.000000
-5.850000 -0.650000 0.000000
-5.350000 -0.650000 0.000000
-4.850000 -0.650000 0.000000
-4.350000 -0.650000 1.000000
-3.850000 -0.650000 0.000000
-3.350000 -0.650000 0.000000
-2.850000 -0.650000 0.000000
-2.350000 -0.650000 0.000000
-1.850000 -0.650000 1.000000
-1.350000 -0.650000 0.000000
-0.850000 -0.650000 0.000000
-0.350000 -0.650000 0.000000
0.150000 -0.650000 0.000000
-15.350000 -0.150000 0.000000
-14.850000 -0.150000 0.000000
-14.350000 -0.150000 0.000000
-13.850000 -0.150000 0.000000
-13.350000 -0.150000 0.000000
-12.850000 -0.150000 0.000000
-12.350000 -0.150000 0.000000
-11.850000 -0.150000 0.000000
-11.350000 -0.150000 0.000000
-10.850000 -0.150000 0.000000
-10.350000 -0.150000 0.000000
-9.850000 -0.150000 0.000000
-9.350000 -0.150000 0.000000
-8.850000 -0.150000 0.000000
-8.350000 -0.150000 0.000000
-7.850000 -0.150000 0.000000
-7.350000 -0.150000 0.000000
-6.850000 -0.150000 0.000000
-6.350000 -0.150000 0.000000
-5.850000 -0.150000 0.000000
-5.350000 -0.150000 0.000000
-4.850000 -0.150000 0.000000
-4.350000 -0.150000 0.000000
-3.850000 -0.150000 0.000000
-3.350000 -0.150000 0.000000
-2.850000 -0.150000 0.000000
-2.350000 -0.150000 0.000000
-1.850000 -0.150000 0.000000
-1.350000 -0.150000 0.000000
-0.850000 -0.150000 0.000000
-0.350000 -0.150000 0.000000
0.150000 -0.150000 0.000000
-15.350000 0.350000 0.000000
-14.850000 0.350000 0.000000
-14.350000 0.350000 0.000000
-13.850000 0.350000 0.000000
-13.350000 0.350000 0.000000
-12.850000 0.350000 0.000000
-12.350000 0.350000 1.000000
-11.850000 0.350000 0.000000
-11.350000 0.350000 0.000000
-10.850000 0.350000 0.000000
-10.350000 0.350000 0.000000
-9.850000 0.350000 0.000000
-9.350000 0.350000 1.000000
-8.850000 0.350000 0.000000
-8.350000 0.350000 0.000000
-7.850000 0.350000 0.000000
-7.350000 0.350000 0.000000
-6.850000 0.350000 0.000000
-6.350000 0.350000 0.000000
-5.850000 0.350000 0.000000
-5.350000 0.350000 0.000000
-4.850000 0.350000 0.000000
-4.350000 0.350000 0.000000
-3.850000 0.350000 0.000000
-3.350000 0.350000 0.000000
-2.850000 0.350000 0.000000
-2.350000 0.350000 0.000000
-1.850000 0.350000 0.000000
-1.350000 0.350000 0.000000
-0.850000 0.350000 0.000000
-0.350000 0.350000 0.000000
0.150000 0.350000 0.000000
-15.350000 0.850000 0.000000
-14.850000 0.850000 0.000000
-14.350000 0.850000 0.000000
-13.850000 0.850000 0.000000
-13.350000 0.850000 0.000000
-12.850000 0.850000 0.000000
-12.350000 0.850000 0.000000
-11.850000 0.850000 0.000000
-11.350000 0.850000 0.000000
-10.850000 0.850000 0.000000
-10.350000 0.850000 0.000000
-9.850000 0.850000 0.000000
-9.350000 0.850000 0.000000
-8.850000 0.850000 0.000000
-8.350000 0.850000 0.000000
-7.850000 0.850000 0.000000
-7.350000 0.850000 0.000000
-6.850000 0.850000 0.000000
-6.350000 0.850000 0.000000
-5.850000 0.850000 0.000000
-5.350000 0.850000 1.000000
-4.850000 0.850000 0.000000
-4.350000 0.850000 0.000000
-3.850000 0.850000 0.000000
-3.350000 0.850000 0.000000
-2.850000 0.850000 0.000000
-2.350000 0.850000 0.000000
-1.850000 0.850000 0.000000
-1.350000 0.850000 0.000000
-0.850000 0.850000 0.000000
-0.350000 0.850000 0.000000
0.150000 0.850000 0.000000
-15.350000 1.350000 0.000000
-14.850000 1.350000 0.000000
-14.350000 1.350000 0.000000
-13.850000 1.350000 0.000000
-13.350000 1.350000 0.000000
-12.850000 1.350000 0.000000
-12.350000 1.350000 0.000000
-11.850000 1.350000 0.000000
-11.350000 1.350000 0.000000
-10.850000 1.350000 1.000000
-10.350000 1.350000 0.000000
-9.850000 1.350000 0.000000
-9.350000 1.350000 0.000000
-8.850000 1.350000 0.000000
-8.350000 1.350000 0.000000
-7.850000 1.350000 0.000000
-7.350000 1.350000 0.000000
-6.850000 1.350000 0.000000
-6.350000 1.350000 0.000000
-5.850000 1.350000 0.000000
-5.350000 1.350000 0.000000
-4.850000 1.350000 0.000000
-4.350000 1.350000 0.000000
-3.850000 1.350000 0.000000
-3.350000 1.350000 0.000000
-2.850000 1.350000 0.000000
-2.350000 1.350000 0.000000
-1.850000 1.350000 0.000000
-1.350000 1.350000 0.000000
-0.850000 1.350000 1.000000
-0.350000 1.350000 0.000000
0.150000 1.350000 0.000000
-15.350000 1.850000 0.000000
-14.850000 1.850000 0.000000
-14.350000 1.850000 0.000000
-13.850000 1.850000 1.000000
-13.350000 1.850000 0.000000
-12.850000 1.850000 0.000000
-12.350000 1.850000 0.000000
-11.850000 1.850000 0.000000
-11.350000 1.850000 0.000000
-10.850000 1.850000 0.000000
-10.350000 1.850000 0.000000
-9.850000 1.850000 0.000000
-9.350000 1.850000 0.000000
-8.850000 1.850000 0.000000
-8.350000 1.850000 0.000000
-7.850000 1.850000 0.000000
-7.350000 1.850000 0.000000
-6.850000 1.850000 0.000000
-6.350000 1.850000 0.000000
-5.850000 1.850000 0.000000
-5.350000 1.850000 0.000000
-4.850000 1.850000 0.000000
-4.350000 1.850000 0.000000
-3.850000 1.850000 0.000000
-3.350000 1.850000 0.000000
-2.850000 1.850000 0.000000
-2.350000 1.850000 0.000000
-1.850000 1.850000 0.000000
-1.350000 1.850000 0.000000
-0.850000 1.850000 0.000000
-0.350000 1.850000 0.000000
0.150000 1.850000 0.000000
-15.350000 2.350000 0.000000
-14.850000 2.350000 0.000000
-14.350000 2.350000 0.000000
-13.850000 2.350000 0.000000
-13.350000 2.350000 0.000000
-12.850000 2.350000 0.000000
-12.350000 2.350000 0.000000
-11.850000 2.350000 0.000000
-11.350000 2.350000 0.000000
-10.850000 2.350000 0.000000
-10.350000 2.350000 0.000000
-9.850000 2.350000 0.000000
-9.350000 2.350000 0.000000
-8.850000 2.350000 0.000000
-8.350000 2.350000 0.000000
-7.850000 2.350000 0.000000
-7.350000 2.350000 0.000000
-6.850000 2.350000 0.000000
-6.350000 2.350000 0.000000
-5.850000 2.350000 0.000000
-5.350000 2.350000 0.000000
-4.850000 2.350000 0.000000
-4.350000 2.350000 0.000000
-3.850000 2.350000 0.000000
-3.350000 2.350000 0.000000
-2.850000 2.350000 0.000000
-2.350000 2.350000 0.000000
-1.850000 2.350000 0.000000
-1.350000 2.350000 0.000000
-0.850000 2.350000 0.000000
-0.350000 2.350000 0.000000
0.150000 2.350000 0.000000
-15.350000 2.850000 0.000000
-14.850000 2.850000 0.000000
-14.350000 2.850000 0.000000
-13.850000 2.850000 0.000000
-13.350000 2.850000 0.000000
-12.850000 2.850000 0.000000
-12.350000 2.850000 0.000000
-11.850000 2.850000 0.000000
-11.350000 2.850000 0.000000
-10.850000 2.850000 0.000000
-10.350000 2.850000 0.000000
-9.850000 2.850000 0.000000
-9.350000 2.850000 0.000000
-8.850000 2.850000 0.000000
-8.350000 2.850000 0.000000
-7.850000 2.850000 0.000000
-7.350000 2.850000 0.000000
-6.850000 2.850000 0.000000
-6.350000 2.850000 0.000000
-5.850000 2.850000 0.000000
-5.350000 2.850000 0.000000
-4.850000 2.850000 0.000000
-4.350000 2.850000 0.000000
-3.850000 2.850000 0.000000
-3.350000 2.850000 0.000000
-2.850000 2.850000 0.000000
-2.350000 2.850000 0.000000
-1.850000 2.850000 0.000000
-1.350000 2.850000 0.000000
-0.850000 2.850000 0.000000
-0.350000 2.850000 0.000000
0.150000 2.850000 0.000000
-15.350000 3.350000 0.000000
-14.850000 3.350000 0.000000
-14.350000 3.350000 0.000000
-13.850000 3.350000 0.000000
-13.350000 3.350000 0.000000
-12.850000 3.350000 0.000000
-12.350000 3.350000 0.000000
-11.850000 3.350000 0.000000
-11.350000 3.350000 0.000000
-10.850000 3.350000 0.000000
-10.350000 3.350000 0.000000
-9.850000 3.350000 0.000000
-9.350000 3.350000 0.000000
-8.850000 3.350000 0.000000
-8.350000 3.350000 0.000000
-7.850000 3.350000 0.000000
-7.350000 3.350000 0.000000
-6.850000 3.350000 0.000000
-6.350000 3.350000 0.000000
-5.850000 3.350000 0.000000
-5.350000 3.350000 0.000000
-4.850000 3.350000 0.000000
-4.350000 3.350000 0.000000
-3.850000 3.350000 0.000000
-3.350000 3.350000 0.000000
-2.850000 3.350000 0.000000
-2.350000 3.350000 0.000000
-1.850000 3.350000 0.000000
-1.350000 3.350000 1.000000
-0.850000 3.350000 0.000000
-0.350000 3.350000 0.000000
0.150000 3.350000 0.000000
-15.350000 3.850000 0.000000
-14.850000 3.850000 0.000000
-14.350000 3.850000 0.000000
-13.850000 3.850000 0.000000
-13.350000 3.850000 0.000000
-12.850000 3.850000 0.000000
-12.350000 3.850000 0.000000
-11.850000 3.850000 0.000000
-11.350000 3.850000 0.000000
-10.850000 3.850000 0.000000
-10.350000 3.850000 0.000000
-9.850000 3.850000 0.000000
-9.350000 3.850000 0.000000
-8.850000 3.850000 0.000000
-8.350000 3.850000 0.000000
-7.850000 3.850000 0.000000
-7.350000 3.850000 0.000000
-6.850000 3.850000 0.000000
-6.350000 3.850000 0.000000
-5.850000 3.850000 0.000000
-5.350000 3.850000 0.000000
-4.850000 3.850000 0.000000
-4.350000 3.850000 0.000000
-3.850000 3.850000 0.000000
-3.350000 3.850000 0.000000
-2.850000 3.850000 0.000000
-2.350000 3.850000 0.000000
-1.850000 3.850000 0.000000
-1.350000 3.850000 0.000000
-0.850000 3.850000 0.000000
-0.350000 3.850000 0.000000
0.150000 3.850000 0.000000
-15.350000 4.350000 0.000000
-14.850000 4.350000 0.000000
-14.350000 4.350000 0.000000
-13.850000 4.350000 0.000000
-13.350000 4.350000 0.000000
-12.850000 4.350000 0.000000
-12.350000 4.350000 0.000000
-11.850000 4.350000 0.000000
-11.350000 4.350000 0.000000
-10.850000 4.350000 0.000000
-10.350000 4.350000 0.000000
-9.850000 4.350000 0.000000
-9.350000 4.350000 0.000000
-8.850000 4.350000 0.000000
-8.350000 4.350000 0.000000
-7.850000 4.350000 0.000000
-7.350000 4.350000 0.000000
-6.850000 4.350000 0.000000
-6.350000 4.350000 0.000000
-5.850000 4.350000 0.000000
-5.350000 4.350000 0.000000
-4.850000 4.350000 0.000000
-4.350000 4.350000 0.000000
-3.850000 4.350000 0.000000
-3.350000 4.350000 0.000000
-2.850000 4.350000 0.000000
-2.350000 4.350000 0.000000
-1.850000 4.350000 0.000000
-1.350000 4.350000 0.000000
-0.850000 4.350000 0.000000
-0.350000 4.350000 0.000000
0.150000 4.350000 0.000000
-15.350000 4.850000 0.000000
-14.850000 4.850000 0.000000
-14.350000 4.850000 0.000000
-13.850000 4.850000 0.000000
-13.350000 4.850000 0.000000
-12.850000 4.850000 0.000000
-12.350000 4.850000 0.000000
-11.850000 4.850000 0.000000
-11.350000 4.850000 0.000000
-10.850000 4.850000 0.000000
-10.350000 4.850000 0.000000
-9.850000 4.850000 0.000000
-9.350000 4.850000 0.000000
-8.850000 4.850000 0.000000
-8.350000 4.850000 0.000000
-7.850000 4.850000 0.000000
-7.350000 4.850000 0.000000
-6.850000 4.850000 0.000000
-6.350000 4.850000 0.000000
-5.850000 4.850000 0.000000
-5.350000 4.850000 0.000000
-4.850000 4.850000 0.000000
-4.350000 4.850000 0.000000
-3.850000 4.850000 0.000000
-3.350000 4.850000 0.000000
-2.850000 4.850000 0.000000
-2.350000 4.850000 0.000000
-1.850000 4.850000 0.000000
-1.350000 4.850000 0.000000
-0.850000 4.850000 0.000000
-0.350000 4.850000 0.000000
0.150000 4.850000 0.000000
-15.350000 5.350000 0.000000
-14.850000 5.350000 0.000000
-14.350000 5.350000 0.000000
-13.850000 5.350000 0.000000
-13.350000 5.350000 0.000000
-12.850000 5.350000 0.000000
-12.350000 5.350000 0.000000
-11.850000 5.350000 0.000000
-11.350000 5.350000 0.000000
-10.850000 5.350000 0.000000
-10.350000 5.350000 0.000000
-9.850000 5.350000 0.000000
-9.350000 5.350000 0.000000
-8.850000 5.350000 0.000000
-8.350000 5.350000 0.000000
-7.850000 5.350000 0.000000
-7.350000 5.350000 0.000000
-6.850000 5.350000 0.000000
-6.350000 5.350000 0.000000
-5.850000 5.350000 0.000000
-5.350000 5.350000 0.000000
-4.850000 5.350000 0.000000
-4.350000 5.350000 0.000000
-3.850000 5.350000 0.000000
-3.350000 5.350000 0.000000
-2.850000 5.350000 0.000000
-2.350000 5.350000 0.000000
-1.850000 5.350000 0.000000
-1.350000 5.350000 0.000000
-0.850000 5.350000 0.000000
-0.350000 5.350000 0.000000
0.150000 5.350000 0.000000
-15.350000 5.850000 0.000000
-14.850000 5.850000 0.000000
-14.350000 5.850000 0.000000
-13.850000 5.850000 0.000000
-13.350000 5.850000 0.000000
-12.850000 5.850000 0.000000
-12.350000 5.850000 0.000000
-11.850000 5.850000 0.000000
-11.350000 5.850000 0.000000
-10.850000 5.850000 0.000000
-10.350000 5.850000 0.000000
-9.850000 5.850000 0.000000
-9.350000 5.850000 0.000000
-8.850000 5.850000 0.000000
-8.350000 5.850000 0.000000
-7.850000 5.850000 0.000000
-7.350000 5.850000 0.000000
-6.850000 5.850000 0.000000
-6.350000 5.850000 0.000000
-5.850000 5.850000 0.000000
-5.350000 5.850000 0.000000
-4.850000 5.850000 0.000000
-4.350000 5.850000 0.000000
-3.850000 5.850000 0.000000
-3.350000 5.850000 0.000000
-2.850000 5.850000 0.000000
-2.350000 5.850000 0.000000
-1.850000 5.850000 0.000000
-1.350000 5.850000 0.000000
-0.850000 5.850000 0.000000
-0.350000 5.850000 0.000000
0.150000 5.850000 0.000000
