7.4 11.6 0.0 0.707 0.0 0.0 0.707 7.5 11.6 0.0 0.707 0.0 0.0 0.707
7.4 10.1 0.0 0.707 0.0 0.0 0.707 7.5 10.1 0.0 0.707 0.0 0.0 0.707
7.4 8.9 0.0 0.707 0.0 0.0 0.707 7.6 8.8 0.0 0.707 0.0 0.0 0.707
8.1 4.6 0.0 0.707 0.0 0.0 0.707 8.2 2.7 0.0 0.707 0.0 0.0 0.707
8.1 2.7 0.0 0.707 0.0 0.0 0.707 8.2 2.7 0.0 0.707 0.0 0.0 0.707
5.9 11.6 0.0 0.707 0.0 0.0 -0.707 5.8 11.6 0.0 0.707 0.0 0.0 -0.707
5.9 10.0 0.0 0.707 0.0 0.0 -0.707 5.8 10.0 0.0 0.707 0.0 0.0 -0.707
5.9 8.4 0.0 0.707 0.0 0.0 -0.707 5.8 8.4 0.0 0.707 0.0 0.0 -0.707
6.6 4.2 0.0 0.707 0.0 0.0 -0.707 6.5 4.2 0.0 0.707 0.0 0.0 -0.707
6.6 2.6 0.0 0.707 0.0 0.0 -0.707 6.5 2.6 0.0 0.707 0.0 0.0 -0.707
3.5 11.6 0.0 0.707 0.0 0.0 0.707 3.6 11.6 0.0 0.707 0.0 0.0 0.707
3.5 10.5 0.0 0.707 0.0 0.0 0.707 3.6 10.5 0.0 0.707 0.0 0.0 0.707
3.5 8.5 0.0 0.707 0.0 0.0 0.707 3.6 8.5 0.0 0.707 0.0 0.0 0.707
3.2 4.7 0.0 0.707 0.0 0.0 0.707 3.3 4.6 0.0 0.707 0.0 0.0 0.707
3.2 2.7 0.0 0.707 0.0 0.0 0.707 3.3 2.7 0.0 0.707 0.0 0.0 0.707
2.1 12.1 0.0 0.707 0.0 0.0 -0.707 2.0 12.1 0.0 0.707 0.0 0.0 -0.707
2.1 10.4 0.0 0.707 0.0 0.0 -0.707 2.0 10.4 0.0 0.707 0.0 0.0 -0.707
2.1 8.9 0.0 0.707 0.0 0.0 -0.707 2.0 8.9 0.0 0.707 0.0 0.0 -0.707
1.8 4.2 0.0 0.707 0.0 0.0 -0.707 1.7 4.2 0.0 0.707 0.0 0.0 -0.707
1.8 2.7 0.0 0.707 0.0 0.0 -0.707 1.7 2.7 0.0 0.707 0.0 0.0 -0.707
0.5 -8.7 0.0 0.0 0.0 0.0 1.0 -2.4 10.7 0.0 0.707 0.0 0.0 0.707
0.6 -8.6 0.0 0.0 0.0 0.0 1.0 -2.4 11.5 0.0 0.707 0.0 0.0 0.707
0.7 -8.5 0.0 0.0 0.0 0.0 1.0 -3.2 12.5 0.0 0.0 0.0 0.0 1.0
0.7 -8.5 0.0 0.0 0.0 0.0 1.0 -3.8 12.5 0.0 0.0 0.0 0.0 1.0
0.6 -8.6 0.0 0.0 0.0 0.0 1.0 -4.6 11.5 0.0 0.707 0.0 0.0 -0.707
0.6 -8.6 0.0 0.0 0.0 0.0 1.0 -4.6 11.8 0.0 0.707 0.0 0.0 -0.707
9.7 10.92 1.0 0.0 0.707 0.0 0.707 200 200 1.0 0.0 0.707 0.0 0.707
10.15 8.25 1.0 0.0 0.707 0.0 0.707 201 200 1.0 0.0 0.707 0.0 0.707
10.15 5.91 1.0 0.0 0.707 0.0 0.707 202 200 1.0 0.0 0.707 0.0 0.707
10.15 4.9 1.0 0.0 0.707 0.0 0.707 203 200 1.0 0.0 0.707 0.0 0.707
10.15 3.21 1.0 0.0 0.707 0.0 0.707 204 200 1.0 0.0 0.707 0.0 0.707
10.15 2.22 1.0 0.0 0.707 0.0 0.707 205 200 1.0 0.0 0.707 0.0 0.707
7.15 7.5 0.5 -0.5 0.5 0.5 0.5 206 200 0.0 -0.5 0.5 0.5 0.5
7.85 5.65 0.5 -0.5 -0.5 0.5 -0.5 207 200 0.0 -0.5 -0.5 0.5 -0.5
6.15 7.5 0.5 -0.5 0.5 0.5 0.5 208 200 0.0 -0.5 0.5 0.5 0.5
6.85 5.65 0.5 -0.5 -0.5 0.5 -0.5 209 200 0.0 -0.5 -0.5 0.5 -0.5
3.3 7.5 0.5 -0.5 0.5 0.5 0.5 210 200 0.0 -0.5 0.5 0.5 0.5
2.95 5.75 0.5 -0.5 -0.5 0.5 -0.5 211 200 0.0 -0.5 -0.5 0.5 -0.5
2.3 7.5 0.5 -0.5 0.5 0.5 0.5 212 200 0.0 -0.5 0.5 0.5 0.5
1.95 5.75 0.5 -0.5 -0.5 0.5 -0.5 213 200 0.0 -0.5 -0.5 0.5 -0.5
